1 0.540625 0.76484375 0.3375 0.4703125
1 0.8171875 0.7109375 0.365625 0.4875
1 0.30625 0.61328125 0.178125 0.3125
0 0.40859375 0.26953125 0.2546875 0.428125
0 0.3625 0.9125 0.15625 0.175
0 0.29375 0.9640625 0.121875 0.071875
0 0.6296875 0.41875 0.140625 0.1984375
0 0.75390625 0.1734375 0.1140625 0.1703125
0 0.6375 0.20390625 0.146875 0.2015625
0 0.21015625 0.20859375 0.1375 0.23125
0 0.09921875 0.190625 0.1125 0.190625
0 0.18984375 0.35625 0.1328125 0.19375
0 0.57734375 0.06796875 0.1296875 0.1359375
0 0.65625 0.05390625 0.11875 0.1078125
