1 0.46015625 0.48046875 0.13125 0.1640625
1 0.6171875 0.421875 0.1203125 0.1640625
0 0.62109375 0.5875 0.12265625 0.16015625
0 0.62421875 0.7828125 0.10546875 0.15234375
0 0.5703125 0.8375 0.09453125 0.13671875
0 0.496875 0.7796875 0.1203125 0.17578125
0 0.46875 0.6421875 0.12578125 0.15234375
0 0.07734375 0.1 0.1140625 0.15234375
0 0.1515625 0.1890625 0.10859375 0.15234375
0 0.24140625 0.203125 0.10546875 0.15625
0 0.32890625 0.24375 0.09140625 0.12890625
1 0.5484375 0.2203125 0.103125 0.16015625
1 0.44609375 0.23828125 0.1375 0.1953125
1 0.3140625 0.12890625 0.12578125 0.171875
0 0.215625 0.1015625 0.1 0.125