1 0.5265625 0.2234375 0.2359375 0.446875
1 0.240625 0.2171875 0.2734375 0.43359375
1 0.715625 0.43671875 0.11015625 0.2953125
0 0.5328125 0.74609375 0.1625 0.40078125
0 0.7390625 0.10703125 0.11015625 0.20546875
0 0.82109375 0.06328125 0.09453125 0.12578125
0 0.3546875 0.54765625 0.09921875 0.18046875
0 0.175 0.75546875 0.078125 0.15625
0 0.2953125 0.75390625 0.10625 0.18203125
0 0.7109375 0.853125 0.08828125 0.215625
0 0.8140625 0.896875 0.071875 0.178125
0 0.76640625 0.71484375 0.09296875 0.17578125
0 0.31640625 0.9140625 0.096875 0.146875
0 0.23515625 0.9140625 0.0890625 0.13125
