1 0.29921875 0.5484375 0.4125 0.80546875
1 0.084375 0.42578125 0.1484375 0.3375
1 0.09375 0.74296875 0.146875 0.30859375
1 0.1609375 0.90703125 0.1703125 0.1859375
1 0.3203125 0.97421875 0.1171875 0.0515625
1 0.11875 0.1515625 0.13984375 0.296875
1 0.21484375 0.07578125 0.1359375 0.14609375
1 0.3765625 0.1375 0.12734375 0.234375
1 0.4765625 0.053125 0.12734375 0.1
1 0.59921875 0.10390625 0.12109375 0.203125
1 0.7328125 0.22109375 0.17421875 0.32890625
1 0.71484375 0.04453125 0.15 0.0828125
1 0.86015625 0.115625 0.13984375 0.22578125
1 0.9296875 0.303125 0.10859375 0.20546875
1 0.88359375 0.3640625 0.15546875 0.28828125
1 0.54296875 0.81015625 0.17421875 0.334375
1 0.6796875 0.684375 0.16015625 0.28828125
1 0.709375 0.9171875 0.1703125 0.165625
1 0.82109375 0.81015625 0.15546875 0.31171875
1 0.9390625 0.62109375 0.12109375 0.30546875
1 0.5671875 0.446875 0.165625 0.334375
1 0.496875 0.19453125 0.1515625 0.29140625
1 0.65078125 0.3875 0.15 0.32890625