1 0.2 0.565625 0.128125 0.16796875
1 0.23671875 0.67265625 0.09609375 0.1171875
1 0.29921875 0.6328125 0.1328125 0.1484375
1 0.309375 0.48203125 0.11953125 0.16328125
1 0.19921875 0.375 0.1296875 0.14140625
1 0.3140625 0.33125 0.09453125 0.11015625
1 0.13828125 0.659375 0.0171875 0.02421875
0 0.16328125 0.6640625 0.02265625 0.02890625
1 0.153125 0.79609375 0.0125 0.01953125
1 0.1765625 0.71796875 0.0078125 0.01171875
1 0.171875 0.72890625 0.0078125 0.0140625
1 0.17265625 0.74453125 0.009375 0.01171875
1 0.1984375 0.8390625 0.01953125 0.02421875
0 0.16328125 0.70390625 0.02578125 0.03125
1 0.2265625 0.76953125 0.0640625 0.08125
1 0.27578125 0.759375 0.03984375 0.06484375
1 0.30078125 0.77734375 0.04296875 0.071875
1 0.315625 0.48828125 0.10703125 0.15078125
1 0.20078125 0.4265625 0.09453125 0.02890625
1 0.2734375 0.53515625 0.03203125 0.0578125
1 0.3890625 0.6015625 0.02734375 0.03359375
1 0.3296875 0.82109375 0.02109375 0.03125
1 0.3375 0.88515625 0.02734375 0.03359375
0 0.32890625 0.90546875 0.02265625 0.01640625
1 0.31640625 0.88125 0.02265625 0.03125
1 0.325 0.859375 0.02734375 0.040625
1 0.35 0.8109375 0.0125 0.02421875
1 0.37265625 0.8546875 0.02734375 0.03125
1 0.46328125 0.75078125 0.009375 0.0140625
1 0.428125 0.809375 0.015625 0.01640625
1 0.43203125 0.7953125 0.0140625 0.01640625
1 0.44765625 0.7484375 0.009375 0.0140625
1 0.3546875 0.728125 0.009375 0.021875
1 0.3625 0.740625 0.015625 0.02421875
1 0.35625 0.75078125 0.009375 0.0140625
1 0.36328125 0.76640625 0.0140625 0.021875
1 0.37265625 0.79765625 0.0140625 0.021875
1 0.365625 0.784375 0.009375 0.0140625
1 0.403125 0.78203125 0.0109375 0.0140625
1 0.4046875 0.77109375 0.0109375 0.01171875
1 0.38671875 0.7109375 0.0125 0.01640625
1 0.3953125 0.72421875 0.0140625 0.01953125
1 0.40703125 0.7328125 0.02265625 0.03125
1 0.4265625 0.7203125 0.02265625 0.021875
1 0.446875 0.7265625 0.0171875 0.02421875
1 0.44921875 0.7109375 0.02578125 0.0265625
0 0.38828125 0.803125 0.009375 0.0140625
0 0.37890625 0.81328125 0.0125 0.0140625
1 0.40078125 0.56796875 0.02890625 0.03359375
1 0.61484375 0.9171875 0.04140625 0.0359375
1 0.596875 0.90078125 0.03671875 0.0453125
1 0.634375 0.90546875 0.03515625 0.040625
1 0.62734375 0.87734375 0.03359375 0.03828125
1 0.61328125 0.8625 0.02578125 0.03125
1 0.65703125 0.8703125 0.03046875 0.03828125
1 0.6921875 0.8765625 0.03359375 0.0359375
1 0.6640625 0.91875 0.02421875 0.02890625
1 0.72421875 0.82578125 0.03046875 0.0359375
1 0.7234375 0.85703125 0.02578125 0.03125
1 0.71171875 0.84765625 0.02421875 0.0265625
1 0.65234375 0.846875 0.02734375 0.03359375
1 0.67734375 0.83828125 0.02890625 0.040625
1 0.6265625 0.83203125 0.03203125 0.04296875
1 0.64921875 0.81875 0.02421875 0.03125
1 0.67265625 0.80546875 0.02890625 0.03828125
1 0.69296875 0.83125 0.01953125 0.0359375
1 0.8 0.8046875 0.01953125 0.021875
1 0.68671875 0.65625 0.03203125 0.0453125
1 0.71171875 0.66875 0.03671875 0.053125
1 0.85078125 0.51796875 0.02734375 0.03828125
1 0.89453125 0.57578125 0.02265625 0.03359375
1 0.84453125 0.5515625 0.0140625 0.02421875
1 0.8375 0.5828125 0.0109375 0.02421875
1 0.81484375 0.565625 0.015625 0.01953125
1 0.8984375 0.6390625 0.02109375 0.0265625
1 0.8921875 0.7984375 0.02109375 0.02421875
1 0.89140625 0.75625 0.02265625 0.0265625
1 0.878125 0.73359375 0.02421875 0.02890625
1 0.90390625 0.7359375 0.02265625 0.02890625
1 0.88125 0.6921875 0.0109375 0.01171875
1 0.79921875 0.684375 0.02109375 0.0265625
1 0.78125 0.6890625 0.02578125 0.0359375
0 0.7953125 0.3921875 0.02890625 0.0265625
0 0.80546875 0.4125 0.01953125 0.02421875
0 0.84921875 0.40390625 0.0140625 0.01640625
0 0.91171875 0.45 0.0171875 0.021875
0 0.8953125 0.46796875 0.0171875 0.02421875
0 0.9453125 0.45703125 0.02265625 0.03125
1 0.87265625 0.41015625 0.0171875 0.02421875
1 0.9265625 0.41640625 0.015625 0.01171875
1 0.928125 0.53203125 0.02890625 0.03828125
1 0.91015625 0.59609375 0.01953125 0.0265625
0 0.9234375 0.56953125 0.015625 0.021875
1 0.98984375 0.42109375 0.0203125 0.0453125
1 0.98203125 0.67734375 0.0359375 0.0453125
1 0.96640625 0.71484375 0.03515625 0.04765625
1 0.9890625 0.7140625 0.021875 0.0375
1 0.95 0.73515625 0.03671875 0.05
0 0.91328125 0.6453125 0.0140625 0.02421875
1 0.96484375 0.5359375 0.0125 0.0265625
1 0.97578125 0.85703125 0.02578125 0.03125
0 0.178125 0.0453125 0.11953125 0.08671875
0 0.98515625 0.2328125 0.0296875 0.05
0 0.77421875 0.11171875 0.02109375 0.01640625
1 0.7953125 0.11015625 0.015625 0.01953125
1 0.78203125 0.04453125 0.0171875 0.021875
0 0.69765625 0.40546875 0.0140625 0.01953125