1 0.40234375 0.5375 0.2625 0.275
1 0.190625 0.64453125 0.25234375 0.2328125
0 0.18359375 0.8640625 0.21796875 0.2296875
0 0.3984375 0.80234375 0.23828125 0.253125
1 0.609375 0.54296875 0.13984375 0.13359375
1 0.90859375 0.2765625 0.1765625 0.21796875
0 0.67890625 0.4234375 0.10078125 0.1421875
0 0.76875 0.31953125 0.134375 0.12109375
0 0.80234375 0.4484375 0.20703125 0.2234375
0 0.8875 0.5859375 0.18671875 0.1546875
0 0.95078125 0.50703125 0.09296875 0.13515625
0 0.9859375 0.728125 0.028125 0.153125
1 0.21171875 0.3375 0.06015625 0.053125
1 0.38984375 0.353125 0.09921875 0.0734375
0 0.328125 0.909375 0.1234375 0.084375
0 0.95078125 0.6484375 0.0984375 0.1875