1 0.509375 0.396875 0.21875 0.34609375
1 0.6328125 0.653125 0.18203125 0.30546875
1 0.1875 0.38828125 0.1546875 0.2609375
0 0.328125 0.5640625 0.190625 0.3140625
1 0.621875 0.15703125 0.1921875 0.3140625
1 0.24921875 0.15703125 0.15 0.25078125
0 0.75390625 0.3421875 0.1796875 0.296875
0 0.86484375 0.6140625 0.2078125 0.371875
0 0.74453125 0.89609375 0.1578125 0.2046875
0 0.53984375 0.8953125 0.22109375 0.209375
0 0.446875 0.7046875 0.1640625 0.171875
0 0.328125 0.29296875 0.11796875 0.1890625
0 0.4390625 0.15546875 0.16796875 0.2640625
