1 0.6359375 0.4609375 0.190625 0.1734375
0 0.8125 0.234375 0.371875 0.3734375
0 0.10234375 0.328125 0.1578125 0.184375
0 0.39453125 0.7390625 0.1796875 0.2296875
0 0.68046875 0.65234375 0.175 0.140625
0 0.8203125 0.56015625 0.175 0.1734375
0 0.52421875 0.83125 0.1640625 0.1984375
0 0.1875 0.83671875 0.1375 0.1140625
0 0.4171875 0.5015625 0.2359375 0.2109375
0 0.49921875 0.28984375 0.1640625 0.2125
0 0.89453125 0.6859375 0.2 0.2046875
0 0.69375 0.7859375 0.1296875 0.1203125
0 0.68046875 0.87890625 0.121875 0.125
0 0.2015625 0.64375 0.1703125 0.140625
