0 0.87265625 0.54765625 0.2546875 0.3859375
0 0.73125 0.3 0.1984375 0.2453125
0 0.6359375 0.45 0.1796875 0.2453125
0 0.36796875 0.2921875 0.20625 0.2265625
0 0.1703125 0.2484375 0.209375 0.2796875
0 0.203125 0.35859375 0.225 0.209375
0 0.22109375 0.47265625 0.1921875 0.20625
0 0.4265625 0.41875 0.196875 0.1796875
0 0.29609375 0.5328125 0.221875 0.23125
0 0.45546875 0.5484375 0.1921875 0.2125
0 0.58984375 0.8953125 0.2140625 0.209375
0 0.759375 0.9390625 0.20625 0.121875
0 0.74453125 0.87734375 0.20625 0.134375
