1 0.6328125 0.5484375 0.18046875 0.16171875
0 0.79296875 0.78671875 0.34765625 0.35078125
0 0.09140625 0.64375 0.1453125 0.17421875
0 0.41171875 0.25390625 0.1640625 0.21953125
0 0.690625 0.3609375 0.16640625 0.1296875
0 0.8234375 0.4625 0.16484375 0.1625
0 0.54765625 0.17109375 0.1515625 0.18828125
0 0.21171875 0.1421875 0.13046875 0.10546875
0 0.4171875 0.49296875 0.22265625 0.1953125
0 0.484375 0.709375 0.15078125 0.20234375
0 0.90625 0.3421875 0.1875 0.1921875
0 0.71328125 0.228125 0.121875 0.1125
0 0.70625 0.134375 0.1140625 0.11796875
0 0.2125 0.3359375 0.1609375 0.1296875
