1 0.5109375 0.603125 0.225 0.35
1 0.63046875 0.34453125 0.1875 0.309375
1 0.18984375 0.6171875 0.159375 0.2640625
0 0.32734375 0.4390625 0.1953125 0.3171875
1 0.628125 0.840625 0.196875 0.3171875
1 0.25546875 0.84765625 0.1546875 0.253125
0 0.75625 0.653125 0.184375 0.3
0 0.8625 0.3796875 0.2140625 0.375
0 0.73671875 0.1015625 0.1609375 0.203125
0 0.5328125 0.1046875 0.225 0.209375
0 0.44296875 0.29609375 0.1671875 0.175
0 0.33203125 0.71015625 0.121875 0.190625
0 0.4453125 0.8453125 0.171875 0.2671875
