0 0.3546875 0.14375 0.1390625 0.20078125
0 0.33359375 0.51484375 0.14140625 0.20859375
0 0.6984375 0.41484375 0.15234375 0.203125
0 0.41484375 0.284375 0.096875 0.1609375
0 0.48203125 0.48984375 0.1296875 0.19453125
0 0.76953125 0.6234375 0.19453125 0.1828125
0 0.66015625 0.82109375 0.12578125 0.18828125
0 0.62578125 0.6265625 0.1359375 0.2359375
0 0.51484375 0.72109375 0.12890625 0.209375
0 0.47265625 0.86328125 0.14140625 0.20078125
0 0.328125 0.8765625 0.11953125 0.18515625
0 0.3546875 0.75234375 0.1546875 0.196875