0 0.4984375 0.365625 0.06640625 0.0984375
0 0.4859375 0.28828125 0.05 0.11171875
0 0.4859375 0.18671875 0.065625 0.1421875
0 0.44921875 0.15859375 0.08046875 0.16171875
0 0.01484375 0.3890625 0.028125 0.18671875
0 0.03671875 0.50390625 0.07265625 0.11953125
0 0.04296875 0.6765625 0.0625 0.16328125
0 0.0109375 0.6015625 0.02109375 0.1015625
0 0.0421875 0.81328125 0.0578125 0.1390625
0 0.03046875 0.92421875 0.0578125 0.15078125
0 0.24140625 0.83828125 0.084375 0.16015625
0 0.20234375 0.39140625 0.07890625 0.1578125
0 0.284375 0.38125 0.08046875 0.1734375
0 0.36171875 0.3921875 0.0765625 0.171875
0 0.41796875 0.4703125 0.0640625 0.1421875
0 0.396875 0.27265625 0.08515625 0.15625
0 0.29140625 0.121875 0.07734375 0.165625
0 0.43515625 0.64921875 0.08515625 0.1421875
0 0.34453125 0.60859375 0.06640625 0.1546875
0 0.37265625 0.65078125 0.0921875 0.1796875
0 0.4328125 0.7484375 0.08515625 0.159375
0 0.4625 0.87265625 0.078125 0.14453125
0 0.67265625 0.11328125 0.0453125 0.08828125
0 0.740625 0.13359375 0.04921875 0.09296875
0 0.728125 0.2390625 0.065625 0.11796875
0 0.59375 0.6078125 0.03203125 0.08046875
0 0.659375 0.62265625 0.05390625 0.11796875
0 0.7109375 0.69609375 0.0578125 0.1171875
0 0.74296875 0.7828125 0.0609375 0.0984375
0 0.7453125 0.87421875 0.0625 0.08671875
0 0.753125 0.940625 0.0609375 0.096875
0 0.76015625 0.32421875 0.05546875 0.1015625
0 0.5046875 0.9 0.03984375 0.09296875