0 0.3296875 0.69765625 0.1546875 0.2078125
0 0.490625 0.71796875 0.1453125 0.1890625
0 0.59453125 0.53359375 0.1265625 0.165625
0 0.4453125 0.4953125 0.140625 0.1875
0 0.26640625 0.4578125 0.1140625 0.1984375
0 0.27734375 0.26484375 0.128125 0.190625
0 0.40703125 0.259375 0.1484375 0.1890625
0 0.55390625 0.2953125 0.1296875 0.23125
0 0.70625 0.28359375 0.15 0.209375
0 0.77734375 0.409375 0.125 0.1390625
0 0.7296875 0.59453125 0.1265625 0.171875
0 0.77265625 0.77109375 0.146875 0.125
0 0.634375 0.73984375 0.1796875 0.20625