0 0.590625 0.3046875 0.1546875 0.134375
0 0.6609375 0.434375 0.1609375 0.1359375
0 0.38359375 0.31328125 0.1296875 0.1390625
0 0.3625 0.5015625 0.10625 0.1171875
0 0.43125 0.58828125 0.11875 0.0984375
0 0.47578125 0.69453125 0.1484375 0.121875
0 0.39921875 0.43671875 0.125 0.0859375
0 0.2171875 0.41015625 0.15 0.1234375
0 0.71171875 0.70546875 0.1953125 0.134375
0 0.73671875 0.79453125 0.1484375 0.1265625
0 0.30625 0.578125 0.1078125 0.0765625
0 0.50234375 0.80390625 0.1796875 0.1265625
0 0.61484375 0.875 0.0859375 0.0703125