0 0.640625 0.85234375 0.115625 0.18203125
0 0.259375 0.1265625 0.0703125 0.0796875
0 0.16796875 0.42265625 0.04921875 0.06171875
0 0.1296875 0.04375 0.04296875 0.0625
0 0.1453125 0.34375 0.084375 0.1203125
0 0.0640625 0.284375 0.08046875 0.11796875
0 0.0765625 0.38984375 0.05234375 0.0984375
0 0.0859375 0.478125 0.0484375 0.06796875
0 0.1484375 0.4484375 0.0609375 0.0828125
0 0.325 0.19921875 0.05234375 0.0703125
0 0.32734375 0.11015625 0.04609375 0.0578125
0 0.35390625 0.1515625 0.04140625 0.04921875
0 0.3375 0.034375 0.0578125 0.0671875
0 0.4765625 0.45625 0.215625 0.3171875
0 0.33828125 0.72578125 0.0765625 0.11953125
0 0.36171875 0.96171875 0.0984375 0.0765625
0 0.38984375 0.87890625 0.06796875 0.0984375
0 0.4828125 0.7921875 0.2203125 0.32578125
0 0.6703125 0.640625 0.21015625 0.3359375
0 0.64296875 0.2859375 0.17421875 0.25546875