0 0.7203125 0.6140625 0.109375 0.190625
0 0.65078125 0.58515625 0.103125 0.171875
0 0.58203125 0.578125 0.0953125 0.1609375
0 0.4265625 0.67734375 0.09375 0.115625
0 0.48515625 0.4125 0.090625 0.1015625
0 0.41171875 0.4234375 0.0765625 0.09375
0 0.353125 0.44921875 0.0875 0.065625
0 0.44375 0.5328125 0.1046875 0.1453125
0 0.50625 0.546875 0.11875 0.2203125
0 0.37109375 0.590625 0.059375 0.075
0 0.32578125 0.565625 0.0640625 0.084375
0 0.3015625 0.484375 0.084375 0.096875
0 0.3734375 0.5078125 0.0765625 0.084375