0 0.15078125 0.19765625 0.10546875 0.15625
0 0.06796875 0.10234375 0.10859375 0.15625
0 0.20859375 0.09765625 0.0890625 0.12421875
0 0.23828125 0.20234375 0.09765625 0.13984375
0 0.32421875 0.24375 0.075 0.11171875
0 0.3109375 0.1203125 0.1140625 0.16015625
0 0.4359375 0.2421875 0.125 0.1796875
0 0.5359375 0.21796875 0.09765625 0.14765625
0 0.6046875 0.428125 0.11171875 0.15234375
0 0.6015625 0.59765625 0.1171875 0.171875
0 0.603125 0.80625 0.1140625 0.14765625
0 0.553125 0.86015625 0.0921875 0.128125
0 0.4859375 0.79765625 0.1140625 0.171875
0 0.459375 0.65390625 0.1171875 0.15625
0 0.4484375 0.49375 0.12265625 0.171875
0 0.00859375 0.7796875 0.0109375 0.11171875
0 0.2046875 0.01796875 0.09765625 0.028125