0 0.3328125 0.29921875 0.1515625 0.20546875
0 0.49453125 0.28203125 0.14140625 0.1859375
0 0.5953125 0.46796875 0.1234375 0.1640625
0 0.4453125 0.50390625 0.13671875 0.18515625
0 0.265625 0.53828125 0.11015625 0.196875
0 0.2734375 0.73125 0.12421875 0.18828125
0 0.403125 0.7390625 0.1453125 0.18671875
0 0.55 0.70546875 0.125 0.2296875
0 0.70234375 0.7203125 0.14609375 0.20625
0 0.77578125 0.5953125 0.12265625 0.13671875
0 0.73125 0.409375 0.1234375 0.16953125
0 0.77734375 0.23359375 0.14453125 0.121875
0 0.63828125 0.2625 0.17578125 0.203125