0 0.5109375 0.7734375 0.259375 0.453125
0 0.2265625 0.76875 0.2953125 0.446875
0 0.71171875 0.57421875 0.125 0.3
0 0.5453125 0.25625 0.1828125 0.409375
0 0.71796875 0.89921875 0.1203125 0.2015625
0 0.79765625 0.94375 0.1015625 0.1125
0 0.35703125 0.44453125 0.1078125 0.1859375
0 0.1890625 0.228125 0.0859375 0.159375
0 0.30859375 0.2359375 0.115625 0.1875
0 0.72890625 0.15859375 0.1 0.2203125
0 0.834375 0.1203125 0.08125 0.18125
0 0.77734375 0.29921875 0.1015625 0.1796875
0 0.33828125 0.0765625 0.1046875 0.1515625
0 0.25703125 0.07265625 0.0953125 0.1359375