0 0.7484375 0.49453125 0.1203125 0.1921875
0 0.67265625 0.48984375 0.1125 0.175
0 0.6078125 0.465625 0.1046875 0.1640625
0 0.51171875 0.30859375 0.1 0.11875
0 0.4484375 0.571875 0.0953125 0.1046875
0 0.38671875 0.53046875 0.08125 0.0953125
0 0.3453125 0.48125 0.090625 0.0703125
0 0.46328125 0.44609375 0.1125 0.15
0 0.52578125 0.4609375 0.13125 0.2234375
0 0.4234375 0.3625 0.0625 0.078125
0 0.371875 0.36484375 0.06875 0.0859375
0 0.31484375 0.42734375 0.0890625 0.1
0 0.38984375 0.4375 0.0796875 0.0875