0 0.5984375 0.321875 0.27734375 0.39609375
0 0.39765625 0.096875 0.26640625 0.190625
0 0.08125 0.44921875 0.1609375 0.4078125
0 0.3015625 0.3578125 0.28046875 0.39609375
0 0.13125 0.14140625 0.2609375 0.28125
0 0.69453125 0.08046875 0.2703125 0.159375
0 0.88125 0.19921875 0.2375 0.39609375
0 0.20703125 0.73828125 0.28671875 0.425
0 0.484375 0.70078125 0.2765625 0.4
0 0.77265625 0.62734375 0.28203125 0.41171875
0 0.93984375 0.8046875 0.1203125 0.384375
0 0.40234375 0.9296875 0.325 0.140625
0 0.10546875 0.95703125 0.2109375 0.0859375
0 0.728125 0.93203125 0.28125 0.1359375