0 0.128125 0.03671875 0.04140625 0.05078125
0 0.33671875 0.03125 0.05390625 0.0609375
0 0.3203125 0.10546875 0.05078125 0.07109375
0 0.3453125 0.1390625 0.053125 0.040625
0 0.328125 0.17265625 0.05546875 0.059375
0 0.2578125 0.11171875 0.0640625 0.06875
0 0.06875 0.25 0.08046875 0.10546875
0 0.146875 0.2984375 0.0796875 0.09921875
0 0.08125 0.34453125 0.059375 0.06328125
0 0.08671875 0.40859375 0.04921875 0.0546875
0 0.14765625 0.3953125 0.05234375 0.06171875
0 0.1703125 0.3671875 0.04140625 0.059375
0 0.3390625 0.62578125 0.0765625 0.09609375
0 0.3984375 0.7640625 0.0703125 0.08828125
0 0.3671875 0.85859375 0.09296875 0.1046875
0 0.48203125 0.68671875 0.21953125 0.27265625
0 0.64140625 0.7390625 0.11171875 0.15
0 0.6703125 0.5546875 0.2109375 0.28671875
0 0.478125 0.39296875 0.20390625 0.2625
0 0.64296875 0.24921875 0.1703125 0.215625