0 0.21015625 0.06171875 0.17109375 0.115625
0 0.1078125 0.04765625 0.08203125 0.09296875
0 0.41328125 0.17109375 0.16875 0.10703125
0 0.559375 0.1890625 0.128125 0.07265625
0 0.64140625 0.34296875 0.1625 0.07890625
0 0.78359375 0.396875 0.1515625 0.10390625
0 0.615625 0.409375 0.178125 0.10859375
0 0.48359375 0.4640625 0.09140625 0.053125
0 0.60703125 0.55234375 0.16484375 0.11171875
0 0.44453125 0.5765625 0.1734375 0.1125
0 0.3640625 0.6609375 0.09921875 0.07890625
0 0.465625 0.6765625 0.17109375 0.1203125
0 0.5140625 0.775 0.1765625 0.115625
0 0.62734375 0.725 0.16484375 0.11015625
0 0.684375 0.80703125 0.07265625 0.05078125
0 0.3 0.790625 0.16015625 0.11015625
0 0.35546875 0.82734375 0.09453125 0.06640625
0 0.43984375 0.8828125 0.1734375 0.12109375
0 0.60390625 0.90390625 0.159375 0.115625
0 0.3109375 0.8984375 0.12578125 0.10546875
0 0.57890625 0.25078125 0.146875 0.10546875
0 0.1203125 0.1578125 0.13125 0.09140625
0 0.24453125 0.209375 0.10703125 0.07734375
0 0.21953125 0.2703125 0.07421875 0.04375
0 0.659375 0.29921875 0.0921875 0.06875
0 0.69375 0.24453125 0.07890625 0.065625
0 0.71796875 0.4875 0.16171875 0.09921875