0 0.3453125 0.840625 0.2203125 0.2375
0 0.64453125 0.3703125 0.1859375 0.1671875
0 0.40234375 0.56875 0.196875 0.234375
0 0.64609375 0.69609375 0.21875 0.209375
0 0.678125 0.91484375 0.203125 0.146875
0 0.865625 0.7140625 0.2015625 0.1765625
0 0.878125 0.4765625 0.2109375 0.2328125
0 0.8015625 0.2328125 0.2359375 0.1984375
0 0.54140625 0.1984375 0.21875 0.20625
0 0.9 0.08203125 0.2 0.1234375
0 0.69765625 0.0859375 0.1875 0.15
0 0.94609375 0.2875 0.1078125 0.2625
0 0.6375 0.50703125 0.20625 0.1609375
0 0.4609375 0.38828125 0.2265625 0.1953125