0 0.22890625 0.84375 0.278125 0.3125
0 0.23515625 0.584375 0.2578125 0.375
0 0.465625 0.66796875 0.290625 0.4578125
0 0.25234375 0.28046875 0.22734375 0.3015625
0 0.346875 0.26640625 0.11640625 0.2734375
0 0.37109375 0.28203125 0.09765625 0.2015625
0 0.43671875 0.45078125 0.2453125 0.3171875
0 0.528125 0.6703125 0.19296875 0.440625
0 0.60234375 0.74609375 0.25 0.4046875
0 0.85078125 0.725 0.24453125 0.403125
0 0.66171875 0.925 0.22109375 0.15
0 0.065625 0.52578125 0.12578125 0.3890625
0 0.1171875 0.18125 0.23359375 0.353125