0 0.19609375 0.21171875 0.17265625 0.12578125
0 0.3625 0.15234375 0.16484375 0.12890625
0 0.48359375 0.21640625 0.1375 0.109375
0 0.07421875 0.3125 0.14609375 0.12890625
0 0.07421875 0.4421875 0.1390625 0.1140625
0 0.034375 0.5203125 0.06640625 0.08984375
0 0.2375 0.37734375 0.2625 0.22734375
0 0.5953125 0.26171875 0.1296875 0.1
0 0.77421875 0.3609375 0.3640625 0.24765625
0 0.45859375 0.3609375 0.2703125 0.18828125
0 0.40859375 0.465625 0.1453125 0.11328125
0 0.58125 0.46796875 0.16015625 0.13828125
0 0.76875 0.5796875 0.2328125 0.2171875
0 0.7890625 0.72578125 0.13125 0.10234375
0 0.66875 0.69921875 0.13984375 0.109375
0 0.6984375 0.8203125 0.15 0.12734375
0 0.490625 0.63671875 0.32890625 0.19609375
0 0.31953125 0.52421875 0.1515625 0.09375
0 0.1703125 0.53984375 0.1625 0.1046875
0 0.1234375 0.640625 0.1515625 0.11328125
0 0.2359375 0.62421875 0.15 0.12109375
0 0.29609375 0.69765625 0.1453125 0.10234375
0 0.32890625 0.8609375 0.12734375 0.1
0 0.36328125 0.76484375 0.15390625 0.11171875
0 0.15 0.790625 0.29765625 0.21171875
0 0.51953125 0.8265625 0.2265625 0.2046875
0 0.0484375 0.646875 0.0828125 0.10390625