0 0.12734375 0.4125 0.2546875 0.38125
0 0.35078125 0.2328125 0.1921875 0.240625
0 0.3890625 0.40625 0.171875 0.2421875
0 0.6953125 0.35 0.2 0.221875
0 0.89609375 0.37578125 0.203125 0.2765625
0 0.82734375 0.46875 0.2203125 0.2046875
0 0.77109375 0.56953125 0.1875 0.2015625
0 0.596875 0.44921875 0.19375 0.175
0 0.68046875 0.60078125 0.215625 0.225
0 0.525 0.5609375 0.1875 0.2078125
0 0.27421875 0.8546875 0.209375 0.234375
0 0.096875 0.8578125 0.19375 0.190625
0 0.14140625 0.7703125 0.2046875 0.128125