0 0.63046875 0.14921875 0.2046875 0.2234375
0 0.36484375 0.63984375 0.175 0.15546875
0 0.59296875 0.42421875 0.18203125 0.221875
0 0.340625 0.31484375 0.20546875 0.19609375
0 0.29375 0.0984375 0.19453125 0.13359375
0 0.1203125 0.31171875 0.19140625 0.16328125
0 0.12421875 0.55 0.196875 0.21953125
0 0.21796875 0.7875 0.2234375 0.18359375
0 0.4796875 0.80390625 0.20625 0.1921875
0 0.121875 0.9453125 0.20859375 0.10859375
0 0.33203125 0.9265625 0.178125 0.1375
0 0.0609375 0.74375 0.1078125 0.25546875
0 0.3625 0.50234375 0.19609375 0.14765625
0 0.546875 0.60859375 0.21484375 0.18046875