0 0.1984375 0.6203125 0.090625 0.13671875
0 0.1328125 0.19609375 0.1125 0.165625
0 0.32109375 0.18046875 0.08125 0.13203125
0 0.40625 0.13046875 0.09140625 0.0953125
0 0.6921875 0.671875 0.065625 0.11953125
0 0.75078125 0.71875 0.05 0.11015625
0 0.8140625 0.7546875 0.0546875 0.09609375
0 0.75625 0.56640625 0.071875 0.11953125
0 0.80390625 0.621875 0.06015625 0.09296875
0 0.86328125 0.665625 0.06328125 0.090625
0 0.89296875 0.73359375 0.03046875 0.06640625
0 0.61171875 0.62109375 0.09453125 0.10234375
0 0.6953125 0.52265625 0.07421875 0.10234375
0 0.29140625 0.49765625 0.109375 0.14921875
0 0.39296875 0.48046875 0.0890625 0.16484375
0 0.46796875 0.5375 0.06796875 0.13515625
0 0.53203125 0.58671875 0.0546875 0.1359375
0 0.5984375 0.48125 0.0828125 0.10234375
0 0.51953125 0.4109375 0.0890625 0.13359375
0 0.4171875 0.37890625 0.09140625 0.1046875
0 0.3390625 0.3796875 0.0796875 0.1
0 0.253125 0.4203125 0.0953125 0.12890625