0 0.4875 0.49296875 0.15 0.2578125
0 0.26796875 0.5515625 0.109375 0.1546875
0 0.54921875 0.34375 0.15390625 0.21171875
0 0.790625 0.34140625 0.1359375 0.18671875
0 0.76640625 0.5625 0.13125 0.17421875
0 0.93125 0.6546875 0.1375 0.234375
0 0.93359375 0.9359375 0.1328125 0.12421875
0 0.77578125 0.72421875 0.16640625 0.221875
0 0.659375 0.634375 0.1671875 0.20078125
0 0.45390625 0.71953125 0.06796875 0.09609375
0 0.3609375 0.70390625 0.2203125 0.2296875
0 0.540625 0.88359375 0.20703125 0.18828125
0 0.6953125 0.9234375 0.184375 0.121875