0 0.4875 0.49296875 0.1546875 0.2609375
0 0.26875 0.55546875 0.1125 0.15625
0 0.54609375 0.34296875 0.1578125 0.2140625
0 0.7875 0.33671875 0.1390625 0.1890625
0 0.7671875 0.5578125 0.134375 0.1765625
0 0.93125 0.646875 0.1375 0.2375
0 0.93671875 0.92734375 0.1265625 0.1265625
0 0.7796875 0.71953125 0.1703125 0.225
0 0.66171875 0.63125 0.1703125 0.203125
0 0.4578125 0.7203125 0.0703125 0.096875
0 0.36484375 0.70625 0.225 0.2328125
0 0.54765625 0.8828125 0.2109375 0.1921875
0 0.70234375 0.9203125 0.1859375 0.125