0 0.50234375 0.39609375 0.2421875 0.3609375
0 0.64296875 0.64375 0.203125 0.3171875
0 0.18046875 0.41015625 0.171875 0.2703125
0 0.3328125 0.57578125 0.2125 0.3265625
0 0.59765625 0.15625 0.2140625 0.3125
0 0.22578125 0.175 0.1671875 0.2609375
0 0.7421875 0.325 0.2 0.309375
0 0.871875 0.58828125 0.2328125 0.3859375
0 0.771875 0.878125 0.171875 0.215625
0 0.56640625 0.8890625 0.2359375 0.221875
0 0.4609375 0.7078125 0.175 0.1828125
0 0.3140625 0.30546875 0.13125 0.196875
0 0.41484375 0.1609375 0.1859375 0.275