0 0.88984375 0.5265625 0.2203125 0.35078125
0 0.6890625 0.740625 0.16015625 0.21875
0 0.62421875 0.575 0.1390625 0.22265625
0 0.33046875 0.67890625 0.17109375 0.196875
0 0.128125 0.684375 0.16484375 0.253125
0 0.18125 0.58203125 0.1953125 0.17578125
0 0.22109375 0.4734375 0.1609375 0.178125
0 0.4125 0.565625 0.171875 0.15
0 0.30625 0.42890625 0.1875 0.1984375
0 0.465625 0.44375 0.16015625 0.18515625
0 0.6671875 0.1140625 0.178125 0.209375
0 0.8453125 0.08203125 0.178125 0.1640625
0 0.81171875 0.1765625 0.19140625 0.09921875