0 0.3765625 0.43125 0.203125 0.1875
0 0.25546875 0.1859375 0.3984375 0.371875
0 0.9203125 0.42109375 0.159375 0.1953125
0 0.5484375 0.75703125 0.196875 0.2421875
0 0.28984375 0.6078125 0.184375 0.1546875
0 0.175 0.48671875 0.1875 0.1859375
0 0.4015625 0.8171875 0.1796875 0.209375
0 0.72890625 0.8984375 0.1453125 0.125
0 0.58046875 0.51953125 0.25 0.228125
0 0.5484375 0.2953125 0.18125 0.2234375
0 0.090625 0.5921875 0.18125 0.21875
0 0.246875 0.73515625 0.1375 0.1296875
0 0.2390625 0.82890625 0.13125 0.134375
0 0.75859375 0.70703125 0.1796875 0.153125