0 0.821875 0.45625 0.1203125 0.1546875
0 0.7828125 0.88359375 0.15 0.1875
0 0.59609375 0.853125 0.1109375 0.1484375
0 0.5015625 0.88125 0.1125 0.1140625
0 0.35546875 0.28671875 0.0921875 0.13125
0 0.309375 0.22734375 0.075 0.11875
0 0.25703125 0.1765625 0.0765625 0.10625
0 0.2671875 0.3734375 0.0984375 0.1328125
0 0.234375 0.30859375 0.08125 0.1046875
0 0.1875 0.2515625 0.0828125 0.103125
0 0.175 0.178125 0.0453125 0.071875
0 0.42109375 0.35546875 0.1171875 0.121875
0 0.315625 0.43046875 0.096875 0.1171875
0 0.7015625 0.553125 0.1421875 0.171875
0 0.59921875 0.54453125 0.1265625 0.18125
0 0.53984375 0.47109375 0.0984375 0.146875
0 0.48984375 0.4078125 0.0859375 0.1453125
0 0.4 0.49453125 0.1046875 0.11875
0 0.459375 0.58203125 0.11875 0.1515625
0 0.55078125 0.6375 0.1140625 0.1234375
0 0.62734375 0.65546875 0.1015625 0.115625
0 0.7203125 0.63671875 0.1234375 0.1484375