1 0.0765625 0.1296875 0.15 0.25546875
1 0.284375 0.1734375 0.275 0.3421875
1 0.4953125 0.28984375 0.25703125 0.42421875
1 0.55859375 0.0875 0.253125 0.17109375
1 0.69609375 0.25859375 0.2 0.22421875
1 0.85625 0.11875 0.2875 0.23359375
1 0.89140625 0.22890625 0.21640625 0.40859375
1 0.9296875 0.58125 0.140625 0.40703125
1 0.70390625 0.5765625 0.36953125 0.5
1 0.36171875 0.56015625 0.2765625 0.4265625
1 0.1296875 0.67578125 0.209375 0.29296875
1 0.19453125 0.8078125 0.29140625 0.384375
1 0.475 0.87421875 0.278125 0.246875
1 0.64765625 0.94765625 0.065625 0.1046875
1 0.81953125 0.8234375 0.3609375 0.346875
1 0.096875 0.41328125 0.19140625 0.32421875
1 0.0390625 0.9 0.075 0.2
1 0.2765625 0.434375 0.2 0.246875