1 0.26171875 0.43046875 0.0765625 0.17890625
1 0.3359375 0.4453125 0.0734375 0.1609375
1 0.4046875 0.4390625 0.0671875 0.1515625
1 0.53828125 0.31171875 0.07578125 0.10234375
1 0.53125 0.5828125 0.075 0.08828125
1 0.6015625 0.55859375 0.06171875 0.0828125
1 0.65390625 0.521875 0.0796875 0.0515625
1 0.54921875 0.45703125 0.08125 0.1328125
1 0.48515625 0.45546875 0.08046875 0.209375
1 0.609375 0.38671875 0.046875 0.06796875
1 0.65859375 0.40234375 0.05078125 0.07578125
1 0.69765625 0.47734375 0.06953125 0.08515625
1 0.62265625 0.46796875 0.06328125 0.0734375
