1 0.6265625 0.32578125 0.13671875 0.11015625
1 0.6703125 0.46640625 0.1421875 0.11015625
1 0.42109375 0.29453125 0.10859375 0.12109375
1 0.36484375 0.475 0.08828125 0.1015625
1 0.415625 0.5734375 0.10546875 0.08046875
1 0.4390625 0.6859375 0.1328125 0.09765625
1 0.41328125 0.41875 0.11484375 0.06484375
1 0.23984375 0.3578125 0.1328125 0.09921875
0 0.66875 0.7421875 0.1796875 0.10234375
0 0.67578125 0.834375 0.13046875 0.10390625
0 0.29453125 0.53984375 0.09765625 0.05859375
0 0.44453125 0.7984375 0.16484375 0.09609375
0 0.54140625 0.88984375 0.07578125 0.05703125
