1 0.16640625 0.14453125 0.328125 0.2796875
1 0.4984375 0.23125 0.3453125 0.26171875
1 0.07421875 0.040625 0.14140625 0.08046875
1 0.30859375 0.025 0.3234375 0.0484375
1 0.38828125 0.19140625 0.29140625 0.25
1 0.39140625 0.0421875 0.26953125 0.08359375
1 0.37734375 0.1953125 0.35078125 0.25390625
1 0.096875 0.36953125 0.1921875 0.2921875
1 0.0625 0.5796875 0.1234375 0.2859375
1 0.284375 0.47734375 0.36796875 0.32578125
1 0.5125 0.48125 0.328125 0.2578125
1 0.82734375 0.4796875 0.34453125 0.28828125
1 0.73828125 0.3078125 0.30703125 0.22421875
1 0.84765625 0.11875 0.30390625 0.23515625
1 0.65546875 0.10390625 0.28203125 0.20703125
1 0.4296875 0.73671875 0.36171875 0.27578125
1 0.77265625 0.80546875 0.36171875 0.30390625
1 0.93125 0.62109375 0.1375 0.27734375
1 0.67421875 0.6296875 0.325 0.19375
1 0.8953125 0.8734375 0.209375 0.2515625
1 0.57265625 0.9484375 0.38125 0.10234375
1 0.16640625 0.86796875 0.33125 0.26328125