0 0.403125 0.16796875 0.0328125 0.0390625
0 0.4109375 0.19921875 0.0359375 0.04375
0 0.41328125 0.1515625 0.05390625 0.06875
0 0.36796875 0.2015625 0.06171875 0.08984375
0 0.33046875 0.18359375 0.06796875 0.1046875
0 0.35390625 0.1109375 0.0640625 0.07890625
0 0.29296875 0.0921875 0.07421875 0.09375
1 0.26328125 0.0234375 0.0671875 0.04375
0 0.34296875 0.0359375 0.065625 0.06640625
0 0.3921875 0.65234375 0.071875 0.10234375
0 0.36328125 0.66640625 0.04453125 0.0625
1 0.32578125 0.6359375 0.078125 0.1140625
1 0.41640625 0.58359375 0.07421875 0.1171875
1 0.4171875 0.4703125 0.078125 0.1140625
1 0.29296875 0.56484375 0.08828125 0.1171875
1 0.3 0.45234375 0.08359375 0.1203125
1 0.359375 0.5296875 0.0703125 0.11640625
1 0.97109375 0.1546875 0.0578125 0.11875
0 0.98828125 0.2609375 0.0234375 0.06640625
1 0.88984375 0.94921875 0.0765625 0.0984375
1 0.96640625 0.94609375 0.06640625 0.1078125