0 0.2328125 0.54140625 0.0984375 0.1515625
0 0.17578125 0.86484375 0.075 0.1140625
0 0.2234375 0.9015625 0.0875 0.1078125
0 0.7296875 0.603125 0.090625 0.14375
0 0.8140625 0.5609375 0.1296875 0.16875
0 0.6265625 0.54140625 0.1078125 0.165625
0 0.71171875 0.46171875 0.1453125 0.1765625
0 0.63203125 0.33125 0.121875 0.18125
0 0.51171875 0.20703125 0.1109375 0.1453125
0 0.5890625 0.19140625 0.096875 0.121875
1 0.54140625 0.08515625 0.0890625 0.1265625
1 0.61796875 0.08125 0.0734375 0.1046875
1 0.48984375 0.34765625 0.1015625 0.1203125
1 0.47734375 0.49140625 0.1359375 0.16875
1 0.42734375 0.35625 0.09375 0.128125
1 0.5640625 0.38984375 0.075 0.134375
0 0.3359375 0.4828125 0.1171875 0.1609375
0 0.3875 0.478125 0.0859375 0.146875
