0 0.7609375 0.56953125 0.084375 0.1453125
0 0.784375 0.896875 0.0640625 0.109375
0 0.7328125 0.928125 0.078125 0.1015625
0 0.2609375 0.578125 0.0765625 0.1390625
0 0.18125 0.52734375 0.115625 0.159375
0 0.3703125 0.528125 0.09375 0.159375
0 0.29375 0.43984375 0.1296875 0.165625
0 0.38671875 0.31796875 0.10625 0.1734375
0 0.51875 0.20703125 0.0984375 0.1359375
0 0.44375 0.18359375 0.0875 0.115625
1 0.50234375 0.0828125 0.0765625 0.1203125
1 0.4265625 0.07109375 0.0640625 0.0984375
1 0.52578125 0.34921875 0.090625 0.1125
1 0.5234375 0.49375 0.121875 0.159375
1 0.5875 0.36484375 0.0828125 0.121875
1 0.44765625 0.38359375 0.0625 0.1296875
0 0.66484375 0.5 0.103125 0.153125
0 0.61484375 0.48984375 0.071875 0.1421875
