0 0.79140625 0.9375 0.1125 0.09140625
0 0.903125 0.54765625 0.17109375 0.11328125
0 0.91015625 0.33203125 0.1796875 0.1671875
0 0.70859375 0.04296875 0.2046875 0.08515625
0 0.52109375 0.11796875 0.38046875 0.23515625
0 0.75234375 0.26015625 0.23515625 0.13203125
0 0.596875 0.3953125 0.36875 0.24921875
0 0.21171875 0.29140625 0.40625 0.315625
0 0.26953125 0.628125 0.2953125 0.25078125
0 0.659375 0.725 0.3078125 0.20078125
0 0.3609375 0.87109375 0.28984375 0.20390625
0 0.88671875 0.184375 0.12265625 0.0984375
0 0.75625 0.58359375 0.16640625 0.12734375