0 0.4578125 0.86953125 0.253125 0.2609375
0 0.59765625 0.33125 0.2078125 0.19375
0 0.428125 0.59609375 0.2296875 0.259375
0 0.69921875 0.64140625 0.246875 0.240625
0 0.79765625 0.83984375 0.2203125 0.1765625
0 0.90078125 0.58984375 0.1984375 0.2046875
0 0.85234375 0.3609375 0.24375 0.2609375
0 0.70390625 0.153125 0.2609375 0.2328125
0 0.44609375 0.2 0.246875 0.2359375
0 0.759375 0.02734375 0.228125 0.0546875
0 0.559375 0.06640625 0.20625 0.1328125
0 0.8671875 0.15703125 0.1671875 0.2734375
0 0.6328125 0.46484375 0.2265625 0.190625
0 0.428125 0.40625 0.2515625 0.2265625
